0.04 -4.00 -7.67 -11.11 -14.39 -16.89 -15.79 -14.49 -13.92 -13.53 -12.47 -12.92 -12.91 -12.40 -13.19 -12.72 
-8.27 -13.03 -16.07 -18.75 -17.59 -18.42 -19.05 -19.03 -19.08 -18.98 -19.06 -18.99 -19.17 -19.04 -19.35 -18.97 
-11.26 -17.15 -18.48 -17.60 -17.78 -18.98 -19.51 -19.62 -18.88 -19.31 -19.46 -19.14 -19.20 -19.76 -19.22 -19.72 
-12.55 -18.49 -19.43 -16.71 -17.38 -18.53 -19.69 -19.22 -19.02 -19.48 -19.42 -19.36 -19.23 -19.58 -19.18 -19.68 
-12.34 -18.85 -19.45 -13.32 -17.31 -16.70 -18.65 -18.81 -18.79 -19.52 -19.18 -19.59 -19.18 -19.25 -19.45 -18.96 
-13.01 -19.26 -19.49 -12.51 -15.46 -18.29 -19.23 -18.92 -19.10 -19.64 -19.09 -19.55 -19.64 -19.35 -19.85 -19.53 
-13.92 -19.43 -19.50 -13.03 -18.40 -18.33 -19.48 -19.54 -19.29 -19.78 -19.60 -19.36 -19.45 -19.33 -19.79 -19.37 
-14.41 -19.25 -19.56 -13.43 -17.98 -19.03 -18.86 -19.32 -19.41 -19.74 -19.90 -19.36 -19.36 -18.97 -19.58 -19.41 
-15.05 -18.89 -19.08 -13.38 -17.98 -19.69 -19.42 -18.58 -19.25 -19.52 -19.46 -19.35 -19.18 -19.18 -19.63 -19.68 
-15.21 -19.42 -19.62 -12.88 -17.48 -19.69 -19.91 -19.14 -19.81 -19.83 -19.73 -19.60 -19.48 -19.73 -19.80 -19.45 
-15.55 -19.72 -19.77 -13.06 -17.67 -19.73 -19.74 -19.74 -19.69 -19.83 -19.86 -19.53 -19.62 -19.82 -19.84 -19.27 
-15.12 -19.72 -19.49 -14.22 -16.72 -19.46 -19.41 -19.75 -19.46 -19.66 -19.52 -19.72 -19.69 -19.79 -19.66 -19.40 
-15.43 -19.83 -19.68 -14.85 -17.33 -19.74 -19.57 -19.67 -19.56 -19.73 -19.61 -19.90 -19.74 -19.59 -19.77 -19.55 
-15.73 -19.83 -19.60 -13.25 -17.89 -19.33 -19.71 -19.67 -19.67 -19.83 -19.79 -19.72 -19.62 -19.64 -19.50 -19.61 
-15.94 -19.91 -19.64 -13.84 -19.10 -19.23 -19.72 -19.44 -19.47 -19.59 -19.82 -19.41 -19.61 -19.36 -19.67 -19.73 
-16.20 -19.83 -19.74 -14.95 -19.29 -19.62 -19.77 -19.75 -19.47 -19.49 -19.72 -19.79 -19.69 -19.55 -19.80 -19.54 
-15.88 -19.44 -19.65 -14.72 -19.13 -19.57 -19.80 -19.58 -19.31 -19.71 -19.47 -19.36 -19.72 -19.71 -19.79 -19.27 
-16.06 -19.48 -19.77 -14.42 -18.87 -19.57 -19.69 -19.75 -19.47 -19.87 -19.54 -19.57 -19.51 -19.65 -19.57 -19.59 
-16.29 -19.77 -19.61 -14.74 -19.38 -19.57 -19.54 -19.86 -19.76 -19.63 -19.69 -19.48 -19.72 -19.66 -19.76 -19.50 
-16.05 -19.56 -19.52 -13.93 -18.87 -19.47 -19.54 -19.75 -19.35 -19.46 -19.73 -19.62 -19.56 -19.67 -19.41 -19.73 
-16.58 -19.79 -19.70 -15.28 -19.36 -19.33 -19.67 -19.71 -19.58 -19.52 -19.66 -19.74 -19.61 -19.75 -19.56 -19.73 
-16.79 -19.55 -19.58 -15.98 -19.33 -19.20 -19.68 -19.70 -19.76 -19.61 -19.46 -19.70 -19.73 -19.77 -19.67 -19.48 
-16.49 -19.66 -19.64 -16.87 -19.22 -19.39 -19.45 -19.61 -19.42 -19.58 -19.10 -19.59 -19.54 -19.68 -19.51 -19.55 
-16.31 -19.58 -19.60 -16.13 -18.81 -19.57 -19.40 -19.59 -19.46 -19.54 -19.26 -19.29 -19.42 -19.41 -19.23 -19.33 
-16.46 -19.74 -19.62 -14.35 -18.95 -19.63 -19.37 -19.74 -19.34 -19.37 -19.69 -19.24 -19.41 -19.42 -19.61 -19.53 
-16.59 -19.63 -19.40 -14.39 -19.23 -19.68 -19.47 -19.56 -19.26 -19.53 -19.54 -19.68 -19.52 -19.45 -19.49 -19.63 
-16.72 -19.61 -19.45 -14.43 -19.39 -19.62 -19.55 -19.56 -19.62 -19.44 -19.74 -19.73 -19.76 -19.53 -19.55 -19.78 
-16.85 -19.69 -19.66 -15.18 -19.61 -19.77 -19.75 -19.68 -19.51 -19.58 -19.77 -19.74 -19.63 -19.57 -19.74 -19.74 
-16.66 -19.75 -19.68 -15.27 -19.34 -19.73 -19.81 -19.78 -19.70 -19.65 -19.63 -19.72 -19.78 -19.74 -19.79 -19.64 
-16.51 -19.58 -19.69 -15.02 -18.98 -19.70 -19.75 -19.71 -19.79 -19.57 -19.50 -19.53 -19.78 -19.77 -19.73 -19.65 
-16.62 -19.53 -19.49 -14.33 -18.25 -19.59 -19.45 -19.55 -19.77 -19.52 -19.67 -19.45 -19.68 -19.62 -19.68 -19.55 
-16.69 -19.73 -19.53 -14.81 -18.81 -19.42 -19.64 -19.52 -19.36 -19.57 -19.26 -19.48 -19.71 -19.65 -19.65 -19.69 
-16.56 -19.67 -19.63 -16.12 -19.55 -19.69 -19.81 -19.61 -19.54 -19.59 -19.66 -19.46 -19.60 -19.67 -19.53 -19.70 
-16.62 -19.75 -19.69 -17.31 -19.33 -19.71 -19.66 -19.70 -19.72 -19.69 -19.72 -19.59 -19.43 -19.77 -19.72 -19.73 
-16.71 -19.66 -19.75 -17.56 -18.99 -19.73 -19.75 -19.75 -19.82 -19.88 -19.82 -19.59 -19.81 -19.81 -19.81 -19.83 
-16.56 -19.66 -19.64 -17.29 -19.12 -19.56 -19.75 -19.70 -19.70 -19.80 -19.81 -19.53 -19.68 -19.68 -19.76 -19.65 
-16.44 -19.60 -19.65 -16.51 -18.80 -19.76 -19.62 -19.66 -19.60 -19.58 -19.66 -19.62 -19.63 -19.73 -19.81 -19.52 
-16.47 -19.62 -19.72 -16.93 -18.68 -19.58 -19.64 -19.71 -19.63 -19.63 -19.69 -19.63 -19.80 -19.68 -19.78 -19.67 
-16.33 -19.69 -19.69 -17.35 -19.36 -19.73 -19.71 -19.68 -19.58 -19.65 -19.77 -19.73 -19.77 -19.66 -19.73 -19.71 
-16.33 -19.78 -19.82 -17.44 -19.28 -19.76 -19.83 -19.58 -19.79 -19.78 -19.79 -19.77 -19.82 -19.69 -19.60 -19.83