0.37 0.45 0.17 0.79 0.96 0.33 1.32 1.19 0.36 1.38 0.13 0.44 0.46 0.83 0.62 0.52 
0.29 0.10 0.16 0.12 0.63 0.70 1.66 1.42 0.29 0.67 0.20 0.04 0.38 0.96 0.57 0.32 
0.28 0.24 0.54 0.49 1.10 0.68 0.28 0.21 0.12 0.22 0.11 0.05 0.05 0.08 0.06 0.10 
0.94 1.01 3.00 2.61 1.12 0.80 0.19 0.17 0.07 0.04 0.09 0.06 0.09 0.11 0.05 0.05 
0.11 0.77 1.75 1.00 0.44 0.26 0.52 0.25 0.11 0.07 0.13 0.17 0.10 0.11 0.01 0.09 
0.33 0.34 0.48 0.17 0.33 0.24 0.23 0.11 0.04 0.09 0.01 0.04 0.02 0.01 0.02 0.04 
0.10 0.14 0.14 0.08 0.09 0.03 0.17 0.05 0.02 0.09 0.01 0.03 0.01 0.03 0.01 0.02 
0.14 0.09 0.10 0.14 0.02 0.03 0.17 0.12 0.03 0.06 0.00 0.01 0.02 0.01 0.01 0.02 
0.11 0.07 0.13 0.10 0.04 0.03 0.05 0.14 0.04 0.06 0.00 0.01 0.01 0.03 0.04 0.07 
0.11 0.30 0.24 0.30 0.10 0.09 0.12 0.09 0.04 0.05 0.02 0.03 0.04 0.02 0.02 0.18 
0.14 0.59 0.56 0.51 0.16 0.01 0.09 0.07 0.04 0.06 0.04 0.02 0.05 0.06 0.23 0.47 
0.07 0.23 0.45 0.96 0.25 0.13 0.19 0.13 0.02 0.04 0.04 0.03 0.06 0.13 0.27 0.10 
0.09 0.15 0.15 0.27 0.11 0.11 0.03 0.04 0.02 0.03 0.02 0.04 0.05 0.17 0.20 0.06 
0.06 0.02 0.02 0.02 0.06 0.14 0.18 0.10 0.03 0.03 0.02 0.02 0.05 0.18 0.06 0.02 
0.05 0.02 0.07 0.05 0.05 0.05 0.04 0.03 0.02 0.04 0.02 0.03 0.03 0.06 0.05 0.05 
0.06 0.03 0.18 0.02 0.13 0.03 0.16 0.02 0.01 0.06 0.02 0.01 0.04 0.08 0.10 0.05 
0.07 0.09 0.20 0.16 0.17 0.06 0.09 0.09 0.00 0.07 0.05 0.00 0.02 0.10 0.15 0.10 
0.07 0.04 0.12 0.06 0.12 0.05 0.02 0.09 0.03 0.04 0.01 0.02 0.05 0.07 0.04 0.02 
0.06 0.01 0.01 0.02 0.04 0.03 0.03 0.06 0.02 0.01 0.04 0.04 0.02 0.02 0.02 0.02 
0.05 0.00 0.04 0.03 0.03 0.02 0.05 0.03 0.02 0.04 0.01 0.00 0.01 0.03 0.02 0.02 
0.06 0.02 0.02 0.02 0.02 0.01 0.03 0.06 0.03 0.04 0.06 0.03 0.00 0.01 0.02 0.00 
0.05 0.06 0.01 0.07 0.01 0.04 0.08 0.10 0.03 0.03 0.02 0.01 0.02 0.02 0.04 0.02 
0.04 0.06 0.06 0.07 0.05 0.03 0.04 0.05 0.03 0.08 0.07 0.04 0.02 0.02 0.04 0.03 
0.04 0.06 0.03 0.07 0.03 0.02 0.04 0.04 0.03 0.04 0.03 0.01 0.01 0.02 0.04 0.02 
0.06 0.06 0.07 0.06 0.05 0.06 0.11 0.06 0.03 0.05 0.01 0.04 0.04 0.00 0.03 0.03 
0.06 0.08 0.10 0.04 0.10 0.06 0.08 0.07 0.02 0.02 0.05 0.05 0.03 0.02 0.02 0.01 
0.04 0.01 0.04 0.02 0.04 0.06 0.04 0.07 0.02 0.03 0.02 0.02 0.02 0.01 0.00 0.01 
0.05 0.01 0.05 0.02 0.01 0.01 0.04 0.04 0.01 0.04 0.01 0.01 0.01 0.00 0.00 0.00 
0.05 0.01 0.03 0.01 0.02 0.00 0.01 0.06 0.01 0.03 0.00 0.00 0.00 0.00 0.00 0.00 
0.05 0.01 0.03 0.01 0.00 0.01 0.04 0.04 0.01 0.04 0.01 0.01 0.00 0.00 0.01 0.01 
0.05 0.01 0.02 0.00 0.00 0.00 0.03 0.04 0.01 0.03 0.00 0.00 0.00 0.00 0.00 0.00 
0.00 0.00 0.00 0.00 0.00 0.00 0.00 0.00 0.00 0.00 0.00 0.00 0.00 0.00 0.00 0.00 
0.00 0.00 0.00 0.00 0.00 0.00 0.00 0.00 0.00 0.00 0.00 0.00 0.00 0.00 0.00 0.00 
0.00 0.00 0.00 0.00 0.00 0.00 0.00 0.00 0.00 0.00 0.00 0.00 0.00 0.00 0.00 0.00 
0.00 0.00 0.00 0.00 0.00 0.00 0.00 0.00 0.00 0.00 0.00 0.00 0.00 0.00 0.00 0.00 
0.00 0.00 0.00 0.00 0.00 0.00 0.00 0.00 0.00 0.00 0.00 0.00 0.00 0.00 0.00 0.00 
0.00 0.00 0.00 0.00 0.00 0.00 0.00 0.00 0.00 0.00 0.00 0.00 0.00 0.00 0.00 0.00 
0.00 0.00 0.00 0.00 0.00 0.00 0.00 0.00 0.00 0.00 0.00 0.00 0.00 0.00 0.00 0.00 
0.00 0.00 0.00 0.00 0.00 0.00 0.00 0.00 0.00 0.00 0.00 0.00 0.00 0.00 0.00 0.00 
0.00 0.00 0.00 0.00 0.00 0.00 0.00 0.00 0.00 0.00 0.00 0.00 0.00 0.00 0.00 0.00 
0.00 0.00 0.00 0.00 0.00 0.00 0.00 0.00 0.00 0.00 0.00 0.00 0.00 0.00 0.00 0.00 
0.00 0.00 0.00 0.00 0.00 0.00 0.00 0.00 0.00 0.00 0.00 0.00 0.00 0.00 0.00 0.00 
0.00 0.00 0.00 0.00 0.00 0.00 0.00 0.00 0.00 0.00 0.00 0.00 0.00 0.00 0.00 0.00 
0.00 0.00 0.00 0.00 0.00 0.00 0.00 0.00 0.00 0.00 0.00 0.00 0.00 0.00 0.00 0.00 
0.00 0.00 0.00 0.00 0.00 0.00 0.00 0.00 0.00 0.00 0.00 0.00 0.00 0.00 0.00 0.00 
0.00 0.00 0.00 0.00 0.00 0.00 0.00 0.00 0.00 0.00 0.00 0.00 0.00 0.00 0.00 0.00 
0.00 0.00 0.00 0.00 0.00 0.00 0.00 0.00 0.00 0.00 0.00 0.00 0.00 0.00 0.00 0.00 
0.00 0.00 0.00 0.00 0.00 0.00 0.00 0.00 0.00 0.00 0.00 0.00 0.00 0.00 0.00 0.00 
0.00 0.00 0.00 0.00 0.00 0.00 0.00 0.00 0.00 0.00 0.00 0.00 0.00 0.00 0.00 0.00 
0.00 0.00 0.00 0.00 0.00 0.00 0.00 0.00 0.00 0.00 0.00 0.00 0.00 0.00 0.00 0.00 
0.00 0.00 0.00 0.00 0.00 0.00 0.00 0.00 0.00 0.00 0.00 0.00 0.00 0.00 0.00 0.00 
0.00 0.00 0.00 0.00 0.00 0.00 0.00 0.00 0.00 0.00 0.00 0.00 0.00 0.00 0.00 0.00 
0.00 0.00 0.00 0.00 0.00 0.00 0.00 0.00 0.00 0.00 0.00 0.00 0.00 0.00 0.00 0.00 
0.00 0.00 0.00 0.00 0.00 0.00 0.00 0.00 0.00 0.00 0.00 0.00 0.00 0.00 0.00 0.00 
0.00 0.00 0.00 0.00 0.00 0.00 0.00 0.00 0.00 0.00 0.00 0.00 0.00 0.00 0.00 0.00 
0.00 0.00 0.00 0.00 0.00 0.00 0.00 0.00 0.00 0.00 0.00 0.00 0.00 0.00 0.00 0.00 
0.00 0.00 0.00 0.00 0.00 0.00 0.00 0.00 0.00 0.00 0.00 0.00 0.00 0.00 0.00 0.00 
0.00 0.00 0.00 0.00 0.00 0.00 0.00 0.00 0.00 0.00 0.00 0.00 0.00 0.00 0.00 0.00 
0.00 0.00 0.00 0.00 0.00 0.00 0.00 0.00 0.00 0.00 0.00 0.00 0.00 0.00 0.00 0.00 
0.00 0.00 0.00 0.00 0.00 0.00 0.00 0.00 0.00 0.00 0.00 0.00 0.00 0.00 0.00 0.00 
0.00 0.00 0.00 0.00 0.00 0.00 0.00 0.00 0.00 0.00 0.00 0.00 0.00 0.00 0.00 0.00 
0.00 0.00 0.00 0.00 0.00 0.00 0.00 0.00 0.00 0.00 0.00 0.00 0.00 0.00 0.00 0.00 
0.00 0.00 0.00 0.00 0.00 0.00 0.00 0.00 0.00 0.00 0.00 0.00 0.00 0.00 0.00 0.00 
0.00 0.00 0.00 0.00 0.00 0.00 0.00 0.00 0.00 0.00 0.00 0.00 0.00 0.00 0.00 0.00